sample msisdn

  0740781523, 0752967421, 0762489374, 0723456839, 0737481952, 0741983275, 0763192347, 0702198764, 0724861953, 0763572819,\
#  0730182645, 0726387490, 0715132785, 0740986213, 0756892401, 0720734891, 0765293715, 0738029764, 0748362075, 0762093846,\
#  0722583910, 0747856021, 0706541728, 0767429135, 0753872641, 0741136579, 0739817256, 0726385917, 0745162380, 0753472891,\
#  0728293764, 0750983124, 0716943570, 0720639154, 0745172863, 0741263980, 0757049268, 0734978102, 0720683471, 0768215934,\
#  0752390718, 0704738620, 0730485719, 0761234091, 0759021763, 0737048195, 0756901328, 0761320975, 0728497356, 0712803672,\
#  0721830564, 0763125798, 0727564931, 0765897126, 0751362047, 0725401385, 0738957261, 0742896035, 0705234761, 0757648390,\
#  0703928417, 0752083694, 0730749856, 0741365082, 0726397541, 0740632589, 0703271548, 0753184026, 0705267310, 0732086475,\
#  0767852904, 0735986120, 0723807694, 0767032814, 0747903685, 0761297324, 0724507631, 0752491837, 0750962482, 0732604579,\
#  0729037465, 0707261839, 0746702915, 0758310640, 0768940127, 0736254901, 0704728362, 0712597460, 0724106539, 0732986157,\
#  0704326183, 0740572964, 0717205396, 0726837142, 0745896012, 0732670894, 0751947260, 0735216839, 0743026751, 0752964183,\
#  0732176492, 0756083147, 0767124538, 0725617390, 0741092835, 0756307294, 0721087453, 0743958271, 0737254961, 0720639480